000000000000000000000000000000110
100000000000000000000000000000000
000000000000000000000000000000110
100000000000000000000000000000100
000000000000000000000000000000011
100000000000000000000000000000010
000000000000000000000000000000001
000000000000000000000000000000010
000000000000000000000000000000001
100000000000000000000000000000001
000000000000000000000000000000001
100000000000000000000000000000101
000000000000000000000000000000011
000000000000000000000000000000111
000000000000000000000000000000000
100000000000000000000000000000000
000000000000000000000000000000000
000000000000000000000000000000101
100000000000000000000000000000011
100000000000000000000000000000001
000000000000000000000000000000011
100000000000000000000000000000010
000000000000000000000000000000001
100000000000000000000000000000101
100000000000000000000000000000001
000000000000000000000000000000001
000000000000000000000000000000011
100000000000000000000000000000100
100000000000000000000000000000001
000000000000000000000000000000011
000000000000000000000000000000010
000000000000000000000000000000010
